label=bounded_binary_cell_C_z1_transition_atlas
max_q=25
alphabet=2,3
status=COMPUTED
row=z1_h0
target_scope=sampled_E_and_F_windows_only
bridge_scope=not_enumerated
Cell_C=OPEN
pgtq.branch=p>q
pgtq.structured_assignments=2388798
pgtq.z1_structural_assignments=595896
pgtq.static_candidates=105851
pgtq.phase_one_period_cap_candidates=79471
pgtq.phase_one_equal_local=79471
pgtq.phase_one_equal_crossing=0
pgtq.phase_one_different_crossing=0
pgtq.phase_one_unclassified=0
pgtq.synchronized_failure_candidates=105838
pgtq.desynchronized_failure_candidates=13
pgtq.early_endpoint_exact=105851
pgtq.late_endpoint_exact=105851
pgtq.both_endpoints_exact=105851
pgtq.early_predecessor_label_matches=29416
pgtq.late_predecessor_label_matches=64641
pgtq.both_predecessor_labels_match=28724
pgtq.r1_static_candidates=0
pgtq.r1_phase_one_both_label_two=0
pgtq.r1_late_endpoint_exact=0
pgtq.seam_structured_counts={"none":2388798}
pgtq.seam_static_counts={"none":105851}
pgtq.phase_one_label_counts={"both_2":79471,"early_2_only":9,"late_2_only":0,"neither_2":26371}
pgtq.phase_one_pair_counts=[[[1,46],[1,62],1],[[1,52],[1,70],2],[[1,55],[1,74],5],[[1,58],[1,78],7],[[1,61],[1,82],17],[[1,64],[1,86],37],[[1,67],[1,90],66],[[1,70],[1,94],140],[[1,73],[1,98],284],[[1,73],[1,101],1],[[1,76],[1,102],558],[[1,79],[1,106],1124],[[1,79],[1,109],1],[[1,82],[1,110],2260],[[1,82],[1,113],3],[[1,85],[1,114],4496],[[1,85],[1,117],4],[[1,88],[1,118],9012],[[1,88],[1,121],9],[[1,88],[1,122],2],[[1,91],[1,122],4693],[[1,91],[1,125],21],[[1,94],[1,126],1922],[[1,94],[1,129],6],[[1,94],[1,130],2],[[1,97],[1,130],945],[[1,97],[1,133],4],[[1,97],[1,134],2],[[1,100],[1,134],435],[[1,100],[1,137],3],[[1,103],[1,138],160],[[1,106],[1,142],75],[[1,109],[1,146],74],[[2,1],[2,1],15425],[[2,2],[2,2],62498],[[2,3],[2,3],1453],[[2,4],[2,4],87],[[2,5],[2,5],4],[[2,6],[2,6],3],[[2,7],[2,7],1],[[2,11],[1,110],1],[[2,11],[1,114],2],[[2,11],[1,118],4],[[2,13],[1,114],1],[[2,14],[1,118],1]]
pgtq.early_failure_counts={"1":26371,"10":87,"11":37,"12":23,"13":10,"14":4,"15":4,"16":1,"2":46843,"3":16330,"4":8147,"5":5463,"6":1352,"7":678,"8":329,"9":172}
pgtq.late_failure_counts={"1":26380,"10":87,"11":37,"12":23,"13":10,"14":4,"15":4,"16":1,"2":46840,"3":16327,"4":8145,"5":5466,"6":1350,"7":678,"8":327,"9":172}
pgtq.joint_failure_counts=[["1","1",26371],["10","10",87],["11","11",37],["12","12",23],["13","13",10],["14","14",4],["15","15",4],["16","16",1],["2","1",3],["2","2",46840],["3","1",3],["3","3",16327],["4","1",2],["4","4",8145],["5","1",1],["5","5",5462],["6","5",2],["6","6",1350],["7","7",678],["8","5",2],["8","8",327],["9","9",172]]
pgtq.first_divergence_counts={"1":26380,"10":2770,"11":1658,"12":1110,"13":681,"14":445,"15":286,"16":191,"17":144,"18":113,"19":64,"2":14319,"20":43,"3":170,"4":16246,"5":10623,"6":11351,"7":9393,"8":5975,"9":3889}
pgtq.divergence_relative_counts={"after_first_failure":62380,"at_first_failure":43471}
pltq.branch=p<q
pltq.structured_assignments=1115405
pltq.z1_structural_assignments=418622
pltq.static_candidates=100053
pltq.phase_one_period_cap_candidates=61200
pltq.phase_one_equal_local=6555
pltq.phase_one_equal_crossing=0
pltq.phase_one_different_crossing=54645
pltq.phase_one_unclassified=0
pltq.synchronized_failure_candidates=46364
pltq.desynchronized_failure_candidates=53689
pltq.early_endpoint_exact=100053
pltq.late_endpoint_exact=99934
pltq.both_endpoints_exact=99934
pltq.early_predecessor_label_matches=91133
pltq.late_predecessor_label_matches=13138
pltq.both_predecessor_labels_match=13128
pltq.r1_static_candidates=93493
pltq.r1_phase_one_both_label_two=54645
pltq.r1_late_endpoint_exact=93396
pltq.seam_structured_counts={"D=B[c:]Theta":94,"D=JBTheta":1115311}
pltq.seam_static_counts={"D=B[c:]Theta":3,"D=JBTheta":100050}
pltq.phase_one_label_counts={"both_2":61200,"early_2_only":32800,"late_2_only":507,"neither_2":5546}
pltq.phase_one_pair_counts=[[[1,25],[1,40],1],[[1,28],[1,44],1],[[1,28],[1,45],1],[[1,28],[2,9],1],[[1,31],[1,48],3],[[1,31],[1,49],1],[[1,31],[1,50],3],[[1,31],[2,5],1],[[1,31],[2,10],2],[[1,34],[1,52],7],[[1,34],[1,53],3],[[1,34],[1,54],3],[[1,34],[1,55],6],[[1,34],[2,5],2],[[1,34],[2,11],4],[[1,37],[1,56],12],[[1,37],[1,57],7],[[1,37],[1,58],9],[[1,37],[1,59],6],[[1,37],[1,60],11],[[1,37],[2,5],4],[[1,37],[2,7],1],[[1,37],[2,12],11],[[1,40],[1,60],27],[[1,40],[1,61],15],[[1,40],[1,62],21],[[1,40],[1,63],18],[[1,40],[1,64],11],[[1,40],[1,65],19],[[1,40],[2,5],11],[[1,40],[2,7],1],[[1,40],[2,13],20],[[1,43],[1,64],54],[[1,43],[1,65],28],[[1,43],[1,66],45],[[1,43],[1,67],40],[[1,43],[1,68],33],[[1,43],[1,69],19],[[1,43],[1,70],1],[[1,43],[2,5],23],[[1,43],[2,7],1],[[1,43],[2,8],1],[[1,43],[2,14],38],[[1,46],[1,68],106],[[1,46],[1,69],59],[[1,46],[1,70],91],[[1,46],[1,71],89],[[1,46],[1,72],77],[[1,46],[1,74],1],[[1,46],[1,75],1],[[1,46],[2,5],38],[[1,46],[2,7],3],[[1,46],[2,8],1],[[1,46],[2,9],1],[[1,46],[2,15],16],[[1,49],[1,72],210],[[1,49],[1,73],118],[[1,49],[1,74],180],[[1,49],[1,75],182],[[1,49],[1,78],2],[[1,49],[2,5],62],[[1,49],[2,7],7],[[1,49],[2,8],1],[[1,49],[2,9],4],[[1,49],[2,10],2],[[1,49],[2,16],7],[[1,52],[1,76],422],[[1,52],[1,77],234],[[1,52],[1,78],369],[[1,52],[2,5],124],[[1,52],[2,7],13],[[1,52],[2,8],3],[[1,52],[2,9],4],[[1,52],[2,10],1],[[1,55],[1,80],845],[[1,55],[1,81],466],[[1,55],[2,7],27],[[1,55],[2,8],7],[[1,55],[2,9],1],[[1,55],[2,10],2],[[1,55],[2,11],1],[[1,58],[1,84],1689],[[1,58],[2,7],55],[[1,58],[2,9],3],[[1,58],[2,10],2],[[1,58],[2,11],1],[[2,1],[2,1],6538],[[2,2],[2,2],17],[[2,3],[1,41],2],[[2,3],[1,45],4],[[2,3],[1,49],8],[[2,3],[1,53],16],[[2,3],[1,55],1],[[2,3],[1,57],32],[[2,3],[1,59],1],[[2,3],[1,60],2],[[2,3],[1,61],63],[[2,3],[1,63],3],[[2,3],[1,64],2],[[2,3],[1,65],128],[[2,3],[1,67],7],[[2,3],[1,68],6],[[2,3],[1,69],252],[[2,3],[1,71],13],[[2,3],[1,72],14],[[2,3],[1,73],493],[[2,3],[1,75],27],[[2,3],[1,77],984],[[2,3],[1,81],1966],[[2,3],[1,85],3930],[[2,3],[1,89],7855],[[2,3],[1,93],15711],[[2,3],[2,4],54278],[[2,3],[2,8],220],[[2,3],[2,9],54],[[2,3],[2,10],25],[[2,3],[2,11],11],[[2,3],[2,12],7],[[2,3],[2,13],3],[[2,3],[2,14],5],[[2,3],[2,15],2],[[2,3],[2,16],1],[[2,4],[1,45],1],[[2,4],[1,49],1],[[2,4],[1,53],3],[[2,4],[1,55],1],[[2,4],[1,57],7],[[2,4],[1,59],1],[[2,4],[1,60],1],[[2,4],[1,61],14],[[2,4],[1,63],3],[[2,4],[1,64],1],[[2,4],[1,65],32],[[2,4],[1,67],7],[[2,4],[1,68],3],[[2,4],[1,69],63],[[2,4],[1,71],15],[[2,4],[1,72],7],[[2,4],[1,73],120],[[2,4],[1,75],31],[[2,4],[1,77],241],[[2,4],[1,81],480],[[2,4],[2,8],14],[[2,4],[2,10],2],[[2,4],[2,11],1],[[2,4],[2,12],1],[[2,4],[2,13],3],[[2,4],[2,14],5],[[2,4],[2,15],1],[[2,4],[2,16],2],[[2,5],[1,65],1],[[2,5],[1,69],1],[[2,5],[2,14],1],[[2,6],[1,56],1],[[2,6],[1,60],1],[[2,6],[1,64],2],[[2,6],[1,68],6],[[2,6],[1,72],12],[[2,6],[1,76],24],[[2,6],[1,80],48],[[2,6],[1,84],96],[[2,6],[2,11],1],[[2,6],[2,14],1],[[2,7],[1,65],1],[[2,7],[1,69],1],[[2,7],[1,73],2],[[2,7],[1,77],6],[[2,7],[1,81],12],[[2,7],[2,13],1],[[2,7],[2,16],1],[[2,8],[1,68],1],[[2,8],[1,70],1],[[2,8],[1,72],1],[[2,8],[1,74],3],[[2,8],[1,76],1],[[2,8],[1,78],3],[[2,8],[1,80],3],[[2,8],[1,84],6],[[2,8],[2,5],3],[[2,8],[2,15],2],[[2,9],[1,72],1],[[2,9],[1,76],1],[[2,9],[1,77],1],[[2,9],[1,80],2],[[2,9],[1,81],1],[[2,9],[1,84],2],[[2,10],[1,76],1],[[2,10],[1,80],1],[[2,10],[1,81],1],[[2,10],[1,84],2],[[2,11],[1,84],1],[[2,12],[1,84],1]]
pltq.early_failure_counts={"1":6053,"10":1,"11":1,"13":1,"2":7398,"3":32305,"4":26977,"5":27228,"6":70,"7":18,"8":1}
pltq.late_failure_counts={"1":38346,"10":1,"11":1,"13":2,"2":6934,"3":8286,"4":23332,"5":11589,"6":5789,"7":5756,"8":12,"9":5}
pltq.joint_failure_counts=[["1","1",5546],["1","2",454],["1","3",20],["1","4",12],["1","5",18],["1","6",3],["10","5",1],["11","11",1],["13","13",1],["2","1",1288],["2","2",6051],["2","3",26],["2","4",11],["2","5",5],["2","6",16],["2","7",1],["3","1",31498],["3","10",1],["3","13",1],["3","2",354],["3","3",134],["3","4",157],["3","5",85],["3","6",35],["3","7",24],["3","8",11],["3","9",5],["4","2",9],["4","3",3816],["4","4",23152],["5","1",2],["5","2",3],["5","3",4289],["5","5",11473],["5","6",5732],["5","7",5728],["5","8",1],["6","1",11],["6","2",54],["6","3",1],["6","5",1],["6","6",3],["7","1",1],["7","2",9],["7","5",5],["7","7",3],["8","5",1]]
pltq.first_divergence_counts={"1":93498,"14":1,"18":1,"2":6538,"5":12,"6":3}
pltq.divergence_relative_counts={"after_first_failure":5,"at_first_failure":45268,"before_first_failure":54780}
certificate_count=6
certificate={"B":[2],"D":[2,2,3],"P":9,"Q":[3,2,2,2,2,3],"R":[2,3,2,2,2,2,3,2],"Theta":[3],"U":[3,2,2,2,2,3,2],"X":[2,2,3,2,2],"branch":"p<q","early_endpoint":[2,8],"early_failure_phase":4,"early_pairs":[[3,5],[2,3],[2,3],[2,1],[3,1],[4,1],[2,8],[2,8]],"early_phase_one":[2,3],"first_divergence_phase":1,"late_endpoint":[2,5],"late_failure_phase":4,"late_pairs":[[3,1],[2,4],[2,4],[2,1],[3,1],[4,1],[1,30],[2,5]],"late_phase_one":[2,4],"name":"q8_r1_high_endpoint_failure","p":5,"q":8,"r":1,"seam":"D=JBTheta"}
certificate={"B":[2],"D":[2,2,2,3],"P":10,"Q":[3,2,2,2,2,2,3],"R":[2,3,2,2,2,2,2,3,2],"Theta":[3],"U":[3,2,2,2,2,2,3,2],"X":[2,2,2,3,2,2],"branch":"p<q","early_endpoint":[2,9],"early_failure_phase":4,"early_pairs":[[3,6],[2,3],[2,3],[2,1],[3,1],[4,1],[5,1],[2,9],[2,9]],"early_phase_one":[2,3],"first_divergence_phase":1,"late_endpoint":[2,10],"late_failure_phase":4,"late_pairs":[[3,1],[2,4],[2,4],[2,1],[3,1],[4,1],[5,1],[1,35],[2,10]],"late_phase_one":[2,4],"name":"q9_r1_high_endpoint_correct","p":6,"q":9,"r":1,"seam":"D=JBTheta"}
certificate={"B":[2],"D":[2,3,3,2,2,3],"P":12,"Q":[3,2,2,2,3,3,2,2,3],"R":[2,3,2,2,2,3,3,2,2,3,2],"Theta":[3],"U":[3,2,2,2,3,3,2,2,3,2],"X":[2,3,3,2,2,3,2,2],"branch":"p<q","early_endpoint":[2,11],"early_failure_phase":3,"early_pairs":[[3,8],[2,3],[2,3],[3,3],[3,1],[1,29],[2,1],[1,31],[2,1],[2,11],[2,11]],"early_phase_one":[2,3],"first_divergence_phase":1,"late_endpoint":[2,12],"late_failure_phase":5,"late_pairs":[[3,1],[2,8],[2,4],[2,1],[3,1],[2,4],[2,1],[1,43],[2,1],[1,45],[2,12]],"late_phase_one":[2,8],"name":"q11_r1_desynchronized_failure","p":8,"q":11,"r":1,"seam":"D=JBTheta"}
certificate={"B":[2,3],"D":[2,3,2,3,3,2],"P":18,"Q":[3,2,2,3,2,3,2,3,2,3,3,2],"R":[2,3,3,2,2,3,2,3,2,3,2,3,3,2,2,3],"Theta":[3,2],"U":[3,2,2,3,2,3,2,3,2,3,3,2,2,3],"X":[2,3,2,3,3,2,2,3,2,3],"branch":"p<q","early_endpoint":[2,16],"early_failure_phase":3,"early_pairs":[[3,10],[2,1],[2,6],[2,1],[2,6],[2,6],[2,2],[2,2],[3,2],[3,2],[4,2],[2,1],[2,16],[2,1],[2,16]],"early_phase_one":[2,1],"first_divergence_phase":2,"late_endpoint":[2,10],"late_failure_phase":3,"late_pairs":[[3,2],[2,1],[2,8],[2,1],[2,8],[2,8],[2,2],[2,2],[3,2],[3,2],[4,2],[2,1],[1,60],[2,1],[2,10]],"late_phase_one":[2,1],"name":"q16_r2_root_divergence","p":10,"q":16,"r":2,"seam":"D=JBTheta"}
certificate={"B":[2,2,3,2],"D":[2,3,2,3,2],"P":27,"Q":[3,2,2,2,3,2,2,2,3,2,2,3,2,3,2],"R":[2,2,3,2,3,2,2,2,3,2,2,2,3,2,2,3,2,3,2,2,2,3,2],"Theta":[3,2],"U":[3,2,2,2,3,2,2,2,3,2,2,3,2,3,2,2,2,3,2],"X":[2,3,2,3,2,2,2,3,2,2,2,3,2],"branch":"p<q","early_endpoint":[2,23],"early_failure_phase":13,"early_pairs":[[3,13],[2,2],[2,2],[2,1],[3,1],[2,6],[2,6],[2,1],[3,1],[2,4],[2,4],[3,4],[2,3],[2,3],[2,2],[2,2],[2,1],[3,1],[1,57],[2,23]],"early_phase_one":[2,2],"first_divergence_phase":18,"late_endpoint":[2,27],"late_failure_phase":13,"late_pairs":[[3,4],[2,2],[2,2],[2,1],[3,1],[2,6],[2,6],[2,1],[3,1],[2,4],[2,4],[3,4],[2,3],[2,3],[2,2],[2,2],[2,1],[3,1],[2,27],[2,27]],"late_phase_one":[2,2],"name":"q23_overlap_long_replay","p":13,"q":23,"r":4,"seam":"D=B[c:]Theta"}
certificate={"B":[2,3,3,2],"D":[2,3,3,2,3,3,2,2,3,3,2,3],"P":33,"Q":[3,2,3,3,2,2,3,3,2,2,3,3,2,3,3,2,2,3,3,2,3],"R":[2,3,3,2,3,2,3,3,2,2,3,3,2,2,3,3,2,3,3,2,2,3,3,2,3,2,3,3,2],"Theta":[3],"U":[3,2,3,3,2,2,3,3,2,2,3,3,2,3,3,2,2,3,3,2,3,2,3,3,2],"X":[2,3,3,2,3,3,2,2,3,3,2,3,2,3,3,2,2,3,3,2],"branch":"p<q","early_endpoint":[2,29],"early_failure_phase":2,"early_pairs":[[3,20],[2,9],[2,2],[2,2],[2,1],[2,9],[2,1],[2,9],[2,1],[3,9],[2,1],[2,4],[2,1],[3,4],[1,74],[2,1],[2,3],[2,1],[1,78],[2,1],[2,4],[2,7],[2,2],[2,2],[2,1],[2,29]],"early_phase_one":[2,9],"first_divergence_phase":1,"late_endpoint":[2,33],"late_failure_phase":2,"late_pairs":[[3,4],[2,20],[2,2],[2,2],[2,1],[2,13],[2,1],[2,13],[2,1],[2,4],[2,1],[2,4],[2,1],[3,4],[2,13],[2,1],[2,3],[2,1],[1,111],[2,1],[2,4],[2,7],[2,2],[2,2],[2,1],[2,33]],"late_phase_one":[2,20],"name":"q29_r4_high_static","p":20,"q":29,"r":4,"seam":"D=JBTheta"}
NOT_A_PROOF: bounded binary z1 transition atlas; zero bounded replays does not close either word wall or Cell C.
